1
12
54
71
73
81
87
108
111
115
121
138
173
180
194
195
214
218
229
236
237
247
249
265
266
270
271
273
274
275
279
283
286
287
294
296
298
300
302
316
331
341
349
371
389
396
420
444
450
457
477
487
490
513
515
519
523
524
540
567
572
581
582
592
602
613
616
619
626
631
635
636
640
641
649
664
672
673
681
682
689
721
724
730
736
751
767
774
776
780
784
788
809
824
828
839
850
857
881
893
900
906
910
923
951
959
984
985
999
1006
1007
1011
1012
1014
1016
1031
1037
1042
1046
1058
1086
1122
1124
1127
1131
1141
1143
1162
1164
1171
1172
1178
1182
1187
1202
1203
1205
1215
1216
1217
1225
1231
1240
1244
1258
1280
1288
1293
1303
1307
1309
1322
1329
1356
1357
1368
1370
1403
1412
1423
1438
1451
1456
1476
1481
1489
1492
1501
1552
1568
1580
1621
1629
1631
1679
1683
1708
1712
1714
1718
1721
1743
1751
1753
1763
1764
1782
1803
1822
1823
1830
1841
1843
1845
1853
1859
1879
1892
1894
1904
1914
1915
1916
1924
1961
1963
1979
1989
2001
2011
2015
2021
2024
2033
2034
2036
2038
2040
2044
2045
2056
2068
2070
2075
2081
2084
2092
2107
2114
2117
2120
2138
2146
2168
2177
2180
2183
2199
2232
2242
2256
2264
2267
2268
2271
2291
2292
2302
2311
2332
2333
2339
2341
2348
2366
2372
2373
2374
2377
2383
2387
2391
2412
2414
2433
2436
2437
2444
2468
2474
2486
2491
2513
2514
2516
2524
2542
2553
2566
2587
2603
2608
2615
2617
2631
2666
2683
2767
2772
2775
2780
2789
2797
2801
2814
2817
2842
2893
2894
2898
2919
2938
2940
2996
3008
3028
3040
3046
3050
3053
3080
3104
3128
3134
3147
3167
3189
3192
3204
3218
3224
3240
3268
3278
3294
3300
3305
3329
3337
3351
3355
3367
3374
3377
3380
3391
3397
3398
3445
3452
3454
3467
3512
3529
3530
3534
3544
3551
3561
3577
3580
3582
3586
3610
3614
3631
3674
3698
3716
3721
3740
3741
3748
3753
3757
3767
3770
3783
3786
3801
3810
3818
3822
3832
3842
3868
3869
3875
3885
3887
3889
3892
3905
3921
3925
3934
3941
3947
3979
3987
3993
3994
4040
4060
4064
4078
4082
4092
4105
4111
4116
4120
4135
4144
4155
4156
4164
4169
4170
4172
4180
4182
4186
4189
4202
4212
4219
4220
4221
4222
4241
4262
4265
4268
4297
4345
4351
4365
4367
4386
4426
4437
4445
4449
4460
4470
4486
4503
4507
4517
4546
4556
4560
4561
4564
4574
4591
4606
4614
4621
4628
4639
4659
4668
4672
4676
4691
4712
4729
4731
4735
4738
4740
4755
4757
4766
4774
4780
4787
4795
4804
4811
4837
4845
4852
4868
4873
4878
4879
4884
4890
4891
4892
4893
4894
4895
4896
4897
4899
4911
4913
4915
4923
4924
4934
4951
4952
4964
4973
4979
4981
4990
4991
5002
5003
5005
5018
5028
5030
5035
5039
5044
5046
5048
5050
5055
5057
5064
5093
5107
5109
5113
5115
5116
5119
5139
5146
5154
5158
5190
5196
5200
5208
5264
5271
5274
5275
5287
5294
5298
5305
5318
5328
5352
5372
5376
5379
5380
5405
5406
5444
5445
5450
5454
5455
5470
5474
5482
5484
5491
5515
5535
5541
5543
5546
5568
5584
5594
5598
5608
5610
5613
5619
5625
5643
5646
5665
5670
5673
5679
5692
5693
5696
5711
5714
5725
5732
5756
5760
5778
5782
5795
5802
5815
5826
5844
5845
5846
5869
5871
5893
5910
5922
5924
5928
5929
5954
5969
5975
5983
5985
6012
6023
6028
6032
6037
6046
6053
6061
6073
6078
6092
6110
6121
6130
6165
6167
6168
6185
6191
6195
6198
6200
6203
6219
6231
6234
6238
6241
6257
6275
6279
6314
6319
6337
6345
6355
6356
6385
6387
6406
6416
6425
6426
6428
6437
6442
6449
6466
6489
6495
6515
6532
6544
6554
6560
6568
6569
6581
6582
6615
6625
6641
6644
6654
6661
6662
6664
6668
6671
6676
6678
6680
6688
6702
6704
6720
6730
6747
6759
6767
6769
6777
6783
6797
6804
6805
6813
6818
6824
6825
6830
6840
6865
6870
6871
6877
6889
6898
6908
6926
6928
6934
6941
6942
6944
6952
6971
6978
6991
6994
7001
7023
7043
7050
7057
7069
7072
7075
7076
7078
7084
7087
7096
7115
7121
7128
7133
7140
7161
7179
7184
7185
7186
7200
7233
7247
7251
7253
7265
7269
7280
7289
7297
7308
7312
7317
7332
7333
7335
7352
7365
7386
7410
7416
7431
7457
7462
7467
7469
7470
7509
7514
7518
7521
7522
7529
7545
7546
7556
7563
7587
7604
7610
7612
7621
7627
7630
7643
7646
7650
7684
7697
7703
7712
7715
7726
7729
7740
7756
7763
7764
7766
7767
7780
7791
7820
7836
7837
7840
7852
7857
7880
7890
7896
7903
7952
7964
7967
7974
7986
8002
8018
8020
8036
8049
8051
8054
8116
8117
8119
8133
8150
8160
8162
8207
8211
8215
8216
8230
8231
8256
8262
8264
8268
8269
8270
8276
8294
8297
8300
8306
8315
8316
8346
8361
8381
8382
8402
8405
8430
8431
8436
8462
8463
8467
8476
8482
8487
8492
8498
8499
8500
8528
8529
8545
8549
8589
8594
8595
8605
8618
8621
8645
8662
8682
8691
8697
8725
8728
8731
8734
8743
8748
8750
8757
8763
8782
8810
8827
8831
8833
8836
8837
8838
8840
8875
8886
8901
8907
8914
8920
8930
8983
8985
8988
8993
8994
8995
8998
9006
9022
9027
9029
9037
9052
9055
9058
9065
9066
9067
9069
9070
9071
9072
9073
9077
9079
9081
9082
9083
9084
9096
9116
9119
9125
9149
9165
9170
9171
9180
9197
9215
9221
9226
9249
9259
9279
9282
9305
9310
9314
9318
9319
9324
9325
9326
9327
9329
9333
9335
9345
9346
9352
9359
9366
9385
9387
9410
9422
9439
9456
9461
9466
9484
9489
9492
9502
9511
9514
9518
9525
9538
9557
9560
9581
9589
9593
9612
9638
9661
9664
9666
9679
9691
9698
9703
9707
9708
9727
9766
9775
9779
9786
9831
9860
9862
9869
9870
9872
9881
9886
9892
9905
9910
9929
9937
9945
9950
9951
9952
9969
9997
10027
10055
10070
10085
10105
10112
10118
10121
10122
10123
10160
10163
10183
10190
10191
10195
10210
10216
10222
10230
10241
10244
10250
10261
10268
10275
10284
10300
10302
10308
10309
10322
10327
10331
10333
10338
10340
10344
10381
10387
10391
10434
10440
10453
10467
10470
10473
10480
10496
10501
10514
10527
10531
10536
10537
10538
10545
10552
10553
10554
10555
10566
10571
10573
10591
10598
10599
10601
10602
10606
10607
10619
10620
10624
10625
10628
10631
10638
10641
10655
10671
10696
10697
10702
10704
10712
10726
10729
10738
10747
10749
10752
10774
10775
10785
10788
10792
10797
10801
10802
10815
10816
10823
10830
10832
10841
10843
10844
10846
10850
10859
10884
10900
10908
10913
10930
10936
10941
10945
10973
10976
10977
10981
10983
10988
11000
11009
11015
11021
11051
11057
11058
11060
11064
11065
11085
11105
11125
11139
11160
11178
11179
11180
11224
11228
11243
11263
11265
11267
11280
11290
11292
11298
11308
11323
11333
11351
11366
11372
11373
11381
11422
11429
11433
11443
11455
11487
11497
11512
11530
11549
11552
11554
11560
11565
11572
11588
11593
11605
11611
11612
11618
11619
11627
11663
11669
11675
11676
11686
11689
11691
11698
11716
11747
11762
11770
11785
11787
11802
11814
11837
11838
11861
11872
11875
11891
11909
11913
11915
11916
11918
11937
11946
11970
11977
11984
11990
11993
12001
12006
12022
12023
12025
12027
12032
12040
12061
12062
12069
12072
12096
12100
12110
12114
12117
12119
12129
12144
12147
12148
12181
12188
12190
12203
12206
12217
12239
12249
12250
12254
12263
12264
12269
12296
12303
12315
12316
12325
12329
12330
12332
12340
12378
12387
12396
12397
12398
12400
12401
12403
12404
12405
12407
12408
12429
12434
12439
12441
12448
12511
12512
12522
12536
12537
12554
12558
12562
12572
12573
12582
12585
12614
12620
12633
12640
12643
12648
12656
12658
12661
12670
12671
12692
12697
12724
12728
12734
12744
12761
12768
12770
12785
12802
12810
12811
12817
12820
12825
12827
12828
12836
12851
12866
12867
12870
12887
12902
12907
12921
12924
12932
12950
12961
12985
12989
12992
12996
13009
13017
13018
13019
13035
13037
13055
13058
13061
13074
13099
13110
13119
13122
13128
13132
13137
13140
13141
13142
13167
13171
13182
13212
13241
13259
13278
13284
13286
13298
13306
13310
13322
13330
13343
13351
13365
13366
13376
13382
13386
13395
13397
13402
13406
13418
13422
13438
13446
13449
13450
13465
13476
13486
13490
13492
13499
13510
13518
13528
13533
13538
13549
13550
13560
13565
13589
13594
13597
13606
13610
13615
13619
13621
13622
13625
13631
13639
13640
13647
13648
13651
13663
13671
13675
13693
13701
13708
13711
13712
13733
13734
13765
13786
13794
13801
13812
13824
13828
13833
13849
13856
13863
13868
13869
13876
13887
13888
13902
13913
13919
13930
13938
13939
13950
13970
13971
13975
14011
14018
14020
14023
14025
14027
14050
14059
14078
14096
14097
14102
14105
14110
14127
14143
14148
14150
14153
14160
14166
14167
14170
14172
14174
14179
14181
14182
14189
14193
14197
14198
14210
14227
14237
14240
14245
14249
14250
14257
14284
14307
14314
14315
14316
14322
14330
14331
14341
14344
14353
14360
14375
14378
14391
14392
14396
14433
14441
14442
14458
14478
14482
14485
14524
14527
14528
14530
14567
14568
14569
14572
14585
14604
14620
14644
14654
14660
14668
14679
14680
14693
14701
14704
14731
14732
14746
14747
14748
14755
14765
14766
14768
14769
14771
14790
14797
14810
14818
14833
14844
14848
14864
14867
14895
14898
14910
14930
14947
14956
14969
14977
15001
15012
15024
15033
15035
15036
15038
15054
15068
15070
15075
15114
15115
15117
15126
15128
15131
15134
15139
15147
15151
15152
15158
15165
15175
15177
15179
15194
15206
15209
15214
15215
15220
15225
15252
15265
15266
15267
15275
15287
15295
15303
15310
15312
15315
15319
15334
15359
15360
15377
15380
15388
15404
15405
15407
15413
15415
15425
15427
15436
15443
15454
15471
15474
15475
15476
15478
15486
15490
15502
15504
15531
15541
15548
15550
15555
15565
15567
15580
15581
15588
15590
15591
15594
15605
15617
15630
15635
15638
15678
15696
15731
15739
15742
15743
15746
15748
15753
15758
15759
15776
15786
15799
15801
15809
15811
15821
15824
15829
15834
15836
15838
15848
15853
15865
15891
15919
15922
15923
15929
15938
15939
15954
15968
15974
15975
15976
15977
15978
15979
15980
15981
15983
15984
15985
15986
15992
16002
16007
16016
16017
16035
16060
16062
16064
16076
16080
16085
16086
16099
16104
16112
16114
16116
16126
16141
16148
16157
16164
16178
16180
16187
16188
16194
16202
16206
16213
16219
16229
16236
16248
16265
16266
16284
16285
16292
16294
16296
16302
16303
16310
16313
16315
16323
16330
16352
16364
16383
16386
16388
16394
16406
16424
16428
16430
16439
16446
16447
16452
16456
16457
16464
16480
16490
16493
16499
16504
16509
16513
16516
16517
16523
16525
16526
16536
16545
16554
16555
16563
16584
16601
16603
16604
16605
16611
16613
16617
16629
16635
16641
16654
16657
16658
16666
16675
16687
16688
16693
16706
16723
16725
16731
16742
16744
16757
16765
16771
16773
16774
16781
16786
16793
16811
16813
16816
16817
16834
16844
16859
16874
16890
16900
16902
16904
16905
16906
16909
16914
16915
16983
16989
17017
17026
17078
17089
17147
17148
17160
17175
17219
17227
17238
17294
17352
17423
17510
17563
17610
17611
17652
17658
17679
17692
17743
17813
17827
17899
17921
17957
17962
17992
18053
18072
18140
18172
18225
18259
18268
18269
18300
18412
18422
18438
18449
18519
18524
18539
18593
18599
18637
18645
18676
18681
18682
18696
18702
18733
18805
18808
18832
18871
18924
18954
18973
19063
19065
19075
19094
19128
19155
19164
19189
19234
19298
19318
19362
19453
19472
19475
19524
19647
19663
19687
19709
19808
19875
19971
20049
20095
20132
20231
20407
20435
20438
20488
20536
20549
20587
20589
20617
20621
20623
20723
20725
20778
20839
20871
20891
20925
20952
20999
21024
21144
21263
21290
21655
21992
22006
22007
22016
22061
22100
22145
22169
22180
22243
22351
22459
22741
22743